P	C	A	G	I	L	V	M	F	W	P	C	S	T	Y	N	Q	H	K	R	D	E	
1	E	-1	-4	-3	-1	-1	0	-1	0	-5	-5	-1	-1	0	0	1	-1	2	2	1	3	
2	L	0	-9	4	4	1	3	4	3	-9	-1	-6	-5	1	-8	-8	-3	-6	-7	-5	-8	
3	R	-2	-4	0	0	-2	2	-2	0	-12	-5	-3	-3	0	-1	2	1	3	4	-2	1	
4	E	-1	-3	-4	-4	-3	-1	-2	-14	-7	-1	0	-2	0	0	1	0	2	2	2	4	
5	A	4	-4	3	2	2	1	1	0	-15	1	-4	-2	-1	-6	-2	-2	-2	-1	-6	-5	
6	F	-10	-9	-3	-2	-6	-3	10	1	-20	-4	-7	-8	0	-19	-19	-6	-7	-19	-20	-19	
7	K	-1	-3	-4	-2	-5	0	-4	-19	-6	-3	0	-2	-3	2	1	1	4	3	2	1	
8	L	1	-5	1	2	0	3	0	-2	-8	-3	-1	-1	-2	-3	2	2	1	0	-2	0	
9	F	-2	-8	3	2	-2	2	6	1	-9	-1	-6	-4	5	-7	-8	2	-10	-9	-19	-10	
10	D	-4	-7	-11	-11	-7	-11	-7	-11	-11	-2	-4	-6	-11	-1	-5	-5	-5	-11	9	-6	
11	K	0	-3	-2	-2	1	-4	-1	-5	-1	-4	0	2	-2	-1	0	0	4	2	-2	-1	
12	D	-4	-1	-9	-5	-7	-4	-6	-13	-7	-6	0	-3	-5	5	-1	-2	-1	-3	6	1	
13	G	-3	4	-8	-7	-7	-5	-6	-12	-5	-3	-1	-7	-3	4	0	3	3	2	0	-1	
14	D	-6	-6	-6	-7	-6	-4	-7	-15	-6	-6	3	2	-6	4	-3	-4	1	-2	6	-3	
15	G	-9	7	-15	-7	-9	-1	-5	-4	-8	-3	-4	-5	-5	1	-4	-2	-1	-3	-1	-3	
16	Y	-2	-5	-2	-2	0	-1	3	-3	-8	0	0	2	4	-3	0	1	2	2	-3	0	
17	I	-6	-8	7	4	3	2	-3	-2	-8	-2	-18	-17	-17	-19	-18	-19	-19	-19	-19	-19	
18	S	-4	-3	-8	-6	-7	-5	-8	-19	-2	-3	4	4	-7	1	-3	-2	-3	-3	5	0	
19	L	1	-2	-1	1	1	1	1	-1	-1	-2	-1	-1	1	-4	-1	-1	2	2	-6	0	
20	E	0	-3	-4	-3	-3	-2	-4	-3	-4	-5	0	-1	-1	1	1	1	1	-1	3	3	
21	E	-6	-5	-7	-8	-5	-4	-7	-19	-9	-6	-4	-4	-4	-2	2	-2	-2	-3	4	7	
22	L	-4	-9	2	5	1	3	5	1	-19	-3	-18	-6	-2	-19	-18	-18	-19	-18	-20	-19	
23	K	-2	-1	0	-1	0	0	-2	-4	-4	0	-2	-2	-1	-2	2	0	4	4	-4	0	
24	K	1	-2	-4	-3	-3	-1	-3	-3	-5	0	0	-1	-1	2	2	3	2	2	1	1	
25	A	3	-1	3	2	2	3	2	1	-8	1	-3	-3	1	-4	-6	-3	-8	-8	-8	-9	
26	L	-2	-9	2	5	0	4	3	-2	-3	1	-5	-5	-2	-7	-6	-4	-9	-8	-16	-8	
27	R	0	-2	-3	-3	-3	1	-4	-13	-6	-3	0	1	-4	1	2	1	3	4	-1	1	
28	S	1	-2	-3	-2	-2	-1	-2	-3	-3	-2	2	1	-3	1	0	0	2	1	0	1	
29	L	-1	0	1	4	0	3	1	1	-7	0	-2	-2	0	-2	-3	1	-2	0	-3	-3	
30	G	-4	6	-5	-4	-5	-3	-1	-3	-3	-3	-2	-3	-4	1	-1	0	-2	-2	1	-3	
